*PUSHING FILE* 
FILE:file2.txt
0.60	23.88	
1.00	23.88	
1.40	24.13	
1.80	24.50	
2.20	24.75	
2.60	24.88	
3.00	25.13	
3.41	25.25	
3.81	25.38	
4.21	25.50	
4.61	25.63	
5.01	25.75	
5.41	25.88	
5.81	26.00	
6.21	26.00	
6.61	26.13	
7.02	26.13	
7.42	26.25	
7.82	26.25	
8.22	26.38	
8.62	26.38	
9.02	26.50	
9.42	26.50	
9.82	26.50	
10.23	26.63	
10.63	26.63	
11.03	26.63	
11.43	26.63	
11.83	26.63	
12.23	26.63	
CLOSING
file2.txt
0.60	23.88	
1.00	23.88	
1.40	24.13	
1.80	24.50	
2.20	24.75	
2.60	24.88	
3.00	25.13	
3.41	25.25	
3.81	25.38	
4.21	25.50	
4.61	25.63	
5.01	25.75	
5.41	25.88	
5.81	26.00	
6.21	26.00	
6.61	26.13	
7.02	26.13	
7.42	26.25	
7.82	26.25	
8.22	26.38	
8.62	26.38	
9.02	26.50	
9.42	26.50	
9.82	26.50	
10.23	26.63	
10.63	26.63	
11.03	26.63	
11.43	26.63	
11.83	26.63	
12.23	26.63	
file2.txt
0.60	23.88	
1.00	23.88	
1.40	24.13	
1.80	24.50	
2.20	24.75	
2.60	24.88	
3.00	25.13	
3.41	25.25	
3.81	25.38	
4.21	25.50	
4.61	25.63	
5.01	25.75	
5.41	25.88	
5.81	26.00	
6.21	26.00	
6.61	26.13	
7.02	26.13	
7.42	26.25	
7.82	26.25	
8.22	26.38	
8.62	26.38	
9.02	26.50	
9.42	26.50	
9.82	26.50	
10.23	26.63	
10.63	26.63	
11.03	26.63	
11.43	26.63	
11.83	26.63	
12.23	26.63	
file1.txt
0.60	24.00	
1.00	24.00	
1.40	24.00	
1.80	24.00	
2.20	24.00	
2.60	24.00	
3.00	24.25	
3.40	24.50	
3.81	24.75	
4.21	25.00	
4.61	25.13	
5.01	25.25	
5.41	25.25	
5.81	25.13	
